%YAML:1.0
---
R_pi: !!opencv-matrix
   rows: 3
   cols: 3
   dt: d
   data: [ -9.7932474920071466e-01, 1.7711511859746415e-01,
       -9.7740832650244275e-02, -1.9352540143507219e-01,
       -9.6097431842574677e-01, 1.9767720740025829e-01,
       -5.8914808005721249e-02, 2.1250551543519242e-01,
       9.7538220780741736e-01 ]
R_ip: !!opencv-matrix
   rows: 3
   cols: 3
   dt: d
   data: [ -9.7932474920071466e-01, -1.9352540143507219e-01,
       -5.8914808005721249e-02, 1.7711511859746415e-01,
       -9.6097431842574677e-01, 2.1250551543519242e-01,
       -9.7740832650244275e-02, 1.9767720740025829e-01,
       9.7538220780741736e-01 ]
T_pi: !!opencv-matrix
   rows: 3
   cols: 1
   dt: d
   data: [ 6.9174991378540817e+03, 4.2198594488888584e+03,
       1.1450771510879979e+03 ]
T_ip: !!opencv-matrix
   rows: 3
   cols: 1
   dt: d
   data: [ 7.6585901026289957e+03, 2.5866476673445195e+03,
       -1.2749357856247766e+03 ]
