%YAML:1.0
---
K: !!opencv-matrix
   rows: 3
   cols: 3
   dt: d
   data: [ 1.8816216347091633e+03, 0., 1.9017134420963212e+03, 0.,
       1.8838470783518922e+03, 1.1004268971601405e+03, 0., 0., 1. ]
D: !!opencv-matrix
   rows: 1
   cols: 5
   dt: d
   data: [ 3.5412176578722188e-04, -6.6389548601504338e-04,
       -2.1843686345298700e-04, 1.7642283518583195e-04,
       5.3578502590764473e-04 ]
R_co: !!opencv-matrix
   rows: 3
   cols: 3
   dt: d
   data: [ 9.9952568178140733e-01, -3.0761305554470569e-02,
       1.4674944624283822e-03, 3.0713478353351614e-02,
       9.9221337914052732e-01, -1.2070332432031187e-01,
       2.2569242014214203e-03, 1.2069114439394753e-01,
       9.9268754095033762e-01 ]
R_oc: !!opencv-matrix
   rows: 3
   cols: 3
   dt: d
   data: [ 9.9952568178140733e-01, 3.0713478353351614e-02,
       2.2569242014214203e-03, -3.0761305554470569e-02,
       9.9221337914052732e-01, 1.2069114439394753e-01,
       1.4674944624283822e-03, -1.2070332432031187e-01,
       9.9268754095033762e-01 ]
T_co: !!opencv-matrix
   rows: 3
   cols: 1
   dt: d
   data: [ -2.0507035554181384e+03, -4.5369645127692462e+02,
       4.8175177165062705e+03 ]
T_oc: !!opencv-matrix
   rows: 3
   cols: 1
   dt: d
   data: [ 2.0527926931709976e+03, -1.9435035598757224e+02,
       -4.8340430892730901e+03 ]
