%YAML:1.0
---
K: !!opencv-matrix
   rows: 3
   cols: 3
   dt: d
   data: [ 1.8816216347091633e+03, 0., 1.9017134420963212e+03, 0.,
       1.8838470783518922e+03, 1.1004268971601405e+03, 0., 0., 1. ]
D: !!opencv-matrix
   rows: 1
   cols: 5
   dt: d
   data: [ 3.5412176578722188e-04, -6.6389548601504338e-04,
       -2.1843686345298700e-04, 1.7642283518583195e-04,
       5.3578502590764473e-04 ]
R_co: !!opencv-matrix
   rows: 3
   cols: 3
   dt: d
   data: [ 4.4379091649864442e-02, 9.9758981654254419e-01,
       5.3339049063006669e-02, -9.9664702981710940e-01,
       4.7884524303136652e-02, -6.6345838520559058e-02,
       -6.8740047869249518e-02, -5.0215836773623672e-02,
       9.9636999932558079e-01 ]
R_oc: !!opencv-matrix
   rows: 3
   cols: 3
   dt: d
   data: [ 4.4379091649864442e-02, -9.9664702981710940e-01,
       -6.8740047869249518e-02, 9.9758981654254419e-01,
       4.7884524303136652e-02, -5.0215836773623672e-02,
       5.3339049063006669e-02, -6.6345838520559058e-02,
       9.9636999932558079e-01 ]
T_co: !!opencv-matrix
   rows: 3
   cols: 1
   dt: d
   data: [ -8.4007112512051651e+02, -4.2035052736418561e+02,
       4.8156241801769429e+03 ]
T_oc: !!opencv-matrix
   rows: 3
   cols: 1
   dt: d
   data: [ -5.0633274459764493e+01, 1.0999952824299521e+03,
       -4.7812233744064688e+03 ]
