%YAML:1.0
---
K: !!opencv-matrix
   rows: 3
   cols: 3
   dt: d
   data: [ 1.8814599178202441e+03, 0., 1.9010741931452108e+03, 0.,
       1.8837757179177518e+03, 1.1023468704042307e+03, 0., 0., 1. ]
D: !!opencv-matrix
   rows: 1
   cols: 5
   dt: d
   data: [ 8.3510656145820247e-02, -2.9581388231053444e-02,
       2.3171061002066049e-03, -3.8417043590229299e-03,
       -3.3587214527371779e-03 ]