%YAML:1.0
---
K: !!opencv-matrix
   rows: 3
   cols: 3
   dt: d
   data: [ 1.8816216347091633e+03, 0., 1.9017134420963212e+03, 0.,
       1.8838470783518922e+03, 1.1004268971601405e+03, 0., 0., 1. ]
D: !!opencv-matrix
   rows: 1
   cols: 5
   dt: d
   data: [ 3.5412176578722188e-04, -6.6389548601504338e-04,
       -2.1843686345298700e-04, 1.7642283518583195e-04,
       5.3578502590764473e-04 ]
R_co: !!opencv-matrix
   rows: 3
   cols: 3
   dt: d
   data: [ 9.9787489509168714e-01, 2.3492810928349216e-02,
       -6.0776488714296174e-02, 2.7692553250554666e-02,
       -9.9721777650932952e-01, 6.9208588399518614e-02,
       -5.8981490657826936e-02, -7.0744569038715815e-02,
       -9.9574916003545133e-01 ]
R_oc: !!opencv-matrix
   rows: 3
   cols: 3
   dt: d
   data: [ 9.9787489509168714e-01, 2.7692553250554666e-02,
       -5.8981490657826936e-02, 2.3492810928349216e-02,
       -9.9721777650932952e-01, -7.0744569038715815e-02,
       -6.0776488714296174e-02, 6.9208588399518614e-02,
       -9.9574916003545133e-01 ]
T_co: !!opencv-matrix
   rows: 3
   cols: 1
   dt: d
   data: [ -8.4219197693354704e+02, -4.2346827245488043e+02,
       4.8394525742445621e+03 ]
T_oc: !!opencv-matrix
   rows: 3
   cols: 1
   dt: d
   data: [ 1.1375672751113034e+03, -6.0139645451994909e+01,
       4.7970030060226381e+03 ]
