%YAML:1.0
---
K: !!opencv-matrix
   rows: 3
   cols: 3
   dt: d
   data: [ 1.8814599178202441e+03, 0., 1.9010741931452108e+03, 0.,
       1.8837757179177518e+03, 1.1023468704042307e+03, 0., 0., 1. ]
D: !!opencv-matrix
   rows: 1
   cols: 5
   dt: d
   data: [ 8.3510656145820247e-02, -2.9581388231053444e-02,
       2.3171061002066049e-03, -3.8417043590229299e-03,
       -3.3587214527371779e-03 ]
R_co: !!opencv-matrix
   rows: 3
   cols: 3
   dt: d
   data: [ 9.9879382653844195e-01, -4.8701872546222456e-02,
       6.2465733957359406e-03, 4.9090836148429788e-02,
       9.9304387897655977e-01, -1.0702310140075301e-01,
       -9.9089603129250007e-04, 1.0720066248712899e-01,
       9.9423691144886384e-01 ]
R_oc: !!opencv-matrix
   rows: 3
   cols: 3
   dt: d
   data: [ 9.9879382653844195e-01, 4.9090836148429788e-02,
       -9.9089603129250007e-04, -4.8701872546222456e-02,
       9.9304387897655977e-01, 1.0720066248712899e-01,
       6.2465733957359406e-03, -1.0702310140075301e-01,
       9.9423691144886384e-01 ]
T_co: !!opencv-matrix
   rows: 3
   cols: 1
   dt: d
   data: [ -3.7035355455437975e+03, -2.2903840277127956e+03,
       4.6602050683146472e+03 ]
T_oc: !!opencv-matrix
   rows: 3
   cols: 1
   dt: d
   data: [ 3.8161230849834569e+03, 1.5945056524671861e+03,
       -4.8553374892751117e+03 ]
