%YAML:1.0
---
K: !!opencv-matrix
   rows: 3
   cols: 3
   dt: d
   data: [ 1.8816216347091633e+03, 0., 1.9017134420963212e+03, 0.,
       1.8838470783518922e+03, 1.1004268971601405e+03, 0., 0., 1. ]
D: !!opencv-matrix
   rows: 1
   cols: 5
   dt: d
   data: [ 3.5412176578722188e-04, -6.6389548601504338e-04,
       -2.1843686345298700e-04, 1.7642283518583195e-04,
       5.3578502590764473e-04 ]
R_co: !!opencv-matrix
   rows: 3
   cols: 3
   dt: d
   data: [ 9.9979393313940024e-01, 1.8811145821561383e-02,
       7.6309927616470055e-03, 1.7908231543370963e-02,
       -9.9432925605447020e-01, 1.0482664640802336e-01,
       9.5596286872121142e-03, -1.0466838752480950e-01,
       -9.9446123210124115e-01 ]
R_oc: !!opencv-matrix
   rows: 3
   cols: 3
   dt: d
   data: [ 9.9979393313940024e-01, 1.7908231543370963e-02,
       9.5596286872121142e-03, 1.8811145821561383e-02,
       -9.9432925605447020e-01, -1.0466838752480950e-01,
       7.6309927616470055e-03, 1.0482664640802336e-01,
       -9.9446123210124115e-01 ]
T_co: !!opencv-matrix
   rows: 3
   cols: 1
   dt: d
   data: [ -8.4676043612123215e+02, -4.2681923397337965e+02,
       4.8530581964496187e+03 ]
T_oc: !!opencv-matrix
   rows: 3
   cols: 1
   dt: d
   data: [ 8.0783609017015033e+02, 9.9491458639757695e+01,
       4.8773818851790766e+03 ]
