%YAML:1.0
---
R_op: !!opencv-matrix
   rows: 3
   cols: 3
   dt: d
   data: [ 9.9795893086374143e-01, 4.4842601854000463e-16,
       6.3859003353447810e-02, 2.3902695545373566e-03,
       9.9929923615468819e-01, -3.7354025648024848e-02,
       -6.3814253272719043e-02, 3.7430423730658496e-02,
       9.9725959732588743e-01 ]
R_po: !!opencv-matrix
   rows: 3
   cols: 3
   dt: d
   data: [ 9.9795893086374143e-01, 2.3902695545373566e-03,
       -6.3814253272719043e-02, 4.4842601854000463e-16,
       9.9929923615468819e-01, 3.7430423730658496e-02,
       6.3859003353447810e-02, -3.7354025648024848e-02,
       9.9725959732588743e-01 ]
T_op: !!opencv-matrix
   rows: 3
   cols: 1
   dt: d
   data: [ -1.4185713030088795e+01, 8.2978665581201501e+00,
       -2.2153240297013096e+02 ]
T_po: !!opencv-matrix
   rows: 3
   cols: 1
   dt: d
   data: [ -4.2224002072543954e-12, 0., 2.2214115919682442e+02 ]
RMSE: 2.8137725044527091e+01
