%YAML:1.0
---
R_op: !!opencv-matrix
   rows: 3
   cols: 3
   dt: d
   data: [ 9.9998764177911581e-01, -1.5500702934753696e-17,
       -4.9715479524133034e-03, 1.0007078970759652e-05,
       9.9999797417543579e-01, 2.0128449724088498e-03,
       4.9715378809031038e-03, -2.0128698478990418e-03,
       9.9998561597958691e-01 ]
R_po: !!opencv-matrix
   rows: 3
   cols: 3
   dt: d
   data: [ 9.9998764177911581e-01, 1.0007078970759652e-05,
       4.9715378809031038e-03, -1.5500702934753696e-17,
       9.9999797417543579e-01, -2.0128698478990418e-03,
       -4.9715479524133034e-03, 2.0128449724088498e-03,
       9.9998561597958691e-01 ]
T_op: !!opencv-matrix
   rows: 3
   cols: 1
   dt: d
   data: [ 7.1350702925660792e-01, -2.8887965083800171e-01,
       -1.4351601814694084e+02 ]
T_po: !!opencv-matrix
   rows: 3
   cols: 1
   dt: d
   data: [ -3.7653213880162184e-12, 5.5511151231257827e-17,
       1.4351808251396935e+02 ]
RMSE: 2.6166203799120090e+01
