%YAML:1.0
---
K: !!opencv-matrix
   rows: 3
   cols: 3
   dt: d
   data: [ 1.8816216347091633e+03, 0., 1.9017134420963212e+03, 0.,
       1.8838470783518922e+03, 1.1004268971601405e+03, 0., 0., 1. ]
D: !!opencv-matrix
   rows: 1
   cols: 5
   dt: d
   data: [ 3.5412176578722188e-04, -6.6389548601504338e-04,
       -2.1843686345298700e-04, 1.7642283518583195e-04,
       5.3578502590764473e-04 ]
R_co: !!opencv-matrix
   rows: 3
   cols: 3
   dt: d
   data: [ 9.9814426952680568e-01, 2.4603921198462067e-02,
       -5.5701564362767977e-02, 2.8944487891320633e-02,
       -9.9649303651732324e-01, 7.8510157261299326e-02,
       -5.3574563288083896e-02, -7.9976716825240005e-02,
       -9.9535596192234010e-01 ]
R_oc: !!opencv-matrix
   rows: 3
   cols: 3
   dt: d
   data: [ 9.9814426952680568e-01, 2.8944487891320633e-02,
       -5.3574563288083896e-02, 2.4603921198462067e-02,
       -9.9649303651732324e-01, -7.9976716825240005e-02,
       -5.5701564362767977e-02, 7.8510157261299326e-02,
       -9.9535596192234010e-01 ]
T_co: !!opencv-matrix
   rows: 3
   cols: 1
   dt: d
   data: [ -8.5644759642487782e+02, -4.2473390647880871e+02,
       4.8390736773726103e+03 ]
T_oc: !!opencv-matrix
   rows: 3
   cols: 1
   dt: d
   data: [ 1.1264032249187071e+03, -1.5159185814180887e+01,
       4.8022412898305492e+03 ]
