%YAML:1.0
---
R_op: !!opencv-matrix
   rows: 3
   cols: 3
   dt: d
   data: [ 9.9878355887386339e-01, 1.2338220722885040e-16,
       4.9309253931291840e-02, 6.4498983847238657e-04,
       9.9991444656239825e-01, -1.3064591226725720e-02,
       -4.9305035355105213e-02, 1.3080502888389705e-02,
       9.9869810950698124e-01 ]
R_po: !!opencv-matrix
   rows: 3
   cols: 3
   dt: d
   data: [ 9.9878355887386339e-01, 6.4498983847238657e-04,
       -4.9305035355105213e-02, 1.2338220722885040e-16,
       9.9991444656239825e-01, 1.3080502888389705e-02,
       4.9309253931291840e-02, -1.3064591226725720e-02,
       9.9869810950698124e-01 ]
T_op: !!opencv-matrix
   rows: 3
   cols: 1
   dt: d
   data: [ -1.0087351249977143e+01, 2.6726650706373700e+00,
       -2.0430685561218601e+02 ]
T_po: !!opencv-matrix
   rows: 3
   cols: 1
   dt: d
   data: [ 1.4761525335416081e-12, 0., 2.0457318750011905e+02 ]
RMSE: 3.4993191187868241e+01
