%YAML:1.0
---
R_op: !!opencv-matrix
   rows: 3
   cols: 3
   dt: d
   data: [ 9.9998124324265814e-01, 1.9868004810796869e-17,
       6.1247990063359684e-03, -1.7044985900365633e-04,
       9.9961268552614269e-01, 2.7828939650277339e-02,
       -6.1224267830166145e-03, -2.7829461640736294e-02,
       9.9959393603356428e-01 ]
R_po: !!opencv-matrix
   rows: 3
   cols: 3
   dt: d
   data: [ 9.9998124324265814e-01, -1.7044985900365633e-04,
       -6.1224267830166145e-03, 1.9868004810796869e-17,
       9.9961268552614269e-01, -2.7829461640736294e-02,
       6.1247990063359684e-03, 2.7828939650277339e-02,
       9.9959393603356428e-01 ]
T_op: !!opencv-matrix
   rows: 3
   cols: 1
   dt: d
   data: [ 1.4171979858305563e+00, 6.4392508520482483e+00,
       2.3129289815547264e+02 ]
T_po: !!opencv-matrix
   rows: 3
   cols: 1
   dt: d
   data: [ -3.4101610424386308e-12, 0., -2.3138685602000928e+02 ]
RMSE: 3.4993191187868142e+01
