%YAML:1.0
---
R_oi: !!opencv-matrix
   rows: 3
   cols: 3
   dt: d
   data: [ 9.9968699358215751e-01, -3.1043220016651611e-03,
       -2.4824948088109214e-02, 2.9373853693367429e-03,
       9.9997284893502025e-01, -6.7581920637651968e-03,
       2.4845253668645574e-02, 6.6831562669676745e-03,
       9.9966896960566487e-01 ]
R_io: !!opencv-matrix
   rows: 3
   cols: 3
   dt: d
   data: [ 9.9968699358215751e-01, 2.9373853693367429e-03,
       2.4845253668645574e-02, -3.1043220016651611e-03,
       9.9997284893502025e-01, 6.6831562669676745e-03,
       -2.4824948088109214e-02, -6.7581920637651968e-03,
       9.9966896960566487e-01 ]
T_oi: !!opencv-matrix
   rows: 3
   cols: 1
   dt: d
   data: [ -5.9290545153093199e+03, -1.8991242694821713e+03,
       -1.9005018068639905e+02 ]
T_io: !!opencv-matrix
   rows: 3
   cols: 1
   dt: d
   data: [ 5.9374989879869454e+03, 1.8819371469108717e+03,
       2.9964151179901279e+01 ]
