%YAML:1.0
---
R_oi: !!opencv-matrix
   rows: 3
   cols: 3
   dt: d
   data: [ 9.9829162825139406e-01, -3.8121198566319200e-03,
       5.8303453631656059e-02, 5.6729683912329397e-03,
       9.9947864649722651e-01, -3.1784471455475284e-02,
       -5.8151890707113414e-02, 3.2060925411948361e-02,
       9.9779279144966637e-01 ]
R_io: !!opencv-matrix
   rows: 3
   cols: 3
   dt: d
   data: [ 9.9829162825139406e-01, 5.6729683912329397e-03,
       -5.8151890707113414e-02, -3.8121198566319200e-03,
       9.9947864649722651e-01, 3.2060925411948361e-02,
       5.8303453631656059e-02, -3.1784471455475284e-02,
       9.9779279144966637e-01 ]
T_oi: !!opencv-matrix
   rows: 3
   cols: 1
   dt: d
   data: [ -5.9723460862570846e+03, -1.9151986073894097e+03,
       2.5663160667325144e+02 ]
T_io: !!opencv-matrix
   rows: 3
   cols: 1
   dt: d
   data: [ 5.9879315732363320e+03, 1.8832049659809420e+03,
       3.1269660447441311e+01 ]
